LinesTotal,LinesCovered,ConditionsTotal,ConditionsCovered
228,210,198,144
